11348 17958 100000 8 4516
48.8351503 2.3077904
48.8317022 2.3579381
48.8812439 2.2917141
48.8558991 2.3550941
48.8406029 2.3993259
48.8587301 2.4106012000000003
48.879117900000004 2.3369039000000003
48.836990300000004 2.3831853
48.8326046 2.3684351
48.872250900000004 2.3124588
48.8951008 2.3635409000000003
48.8473729 2.3030128000000003
48.8646808 2.4041664000000003
48.8799469 2.372198
48.8692677 2.355567
48.856168000000004 2.3150233
48.844614400000005 2.2968983
48.8507624 2.3951794
48.843976000000005 2.3242495
48.9011031 2.3550581
48.840670900000006 2.4090112
48.876280200000004 2.286528
48.8866844 2.2976026000000003
48.8557343 2.3049729
48.8761712 2.3588675
48.8632465 2.346054
48.867040100000004 2.3529391
48.855276800000006 2.3377533
48.838541600000006 2.2619984
48.853066000000005 2.2820132
48.8846192 2.2968504000000003
48.826887400000004 2.3066982
48.8409252 2.3783517
48.880900800000006 2.3377552
48.8396448 2.3386361
48.838964600000004 2.2825558000000004
48.827457800000005 2.3892417000000004
48.878443700000005 2.3700909
48.835783400000004 2.3706237000000003
48.8497027 2.2656056
48.8603834 2.354855
48.8626681 2.3495752000000003
48.8536122 2.3330072
48.875618200000005 2.3189420000000003
48.8911833 2.3396168
48.8284813 2.3729287
48.847523100000004 2.2733188
48.887094100000006 2.3534446
48.886216700000006 2.3436032
48.895827000000004 2.3794311
48.8267029 2.327138
48.8452805 2.3113975
48.839477200000005 2.2872746
48.861963 2.4013081
48.866524500000004 2.303055
48.861919400000005 2.2987867
48.8839595 2.300307
48.8549652 2.3778501000000003
48.8606442 2.3199876
48.845444500000006 2.3734144
48.874184 2.3271465
48.863282500000004 2.2963652000000003
48.8601581 2.303027
48.8544246 2.2702097
48.8344875 2.2956475000000003
48.8848448 2.3582584
48.8792933 2.3524220000000002
48.836207300000005 2.3748902000000003
48.8767836 2.4052172
48.8511144 2.3415342000000003
48.839994000000004 2.2998687
48.871648400000005 2.3305208
48.853232500000004 2.3462236
48.884461200000004 2.3689527000000004
48.8356228 2.3696998000000002
48.8485561 2.2684597
48.8191843 2.3587076000000002
48.884812700000005 2.3448788
48.8648393 2.3850492
48.8351435 2.3263996000000002
48.832291100000006 2.2887888000000003
48.896409000000006 2.3417714000000003
48.845330600000004 2.2584244
48.8506986 2.3252736
48.846493 2.3207293
48.8813362 2.3647369
48.8869009 2.3126454
48.855185500000005 2.3332112
48.8809418 2.3891817
48.851683200000004 2.3420153000000004
48.842868200000005 2.3123811
48.8720024 2.3479005
48.8471467 2.292651
48.848199900000004 2.2573416
48.8819042 2.3343256
48.888111800000004 2.3095568
48.896708000000004 2.3236909000000003
48.8336965 2.3176599
48.8580781 2.2620791000000002
48.886237 2.3380048
48.888703500000005 2.3960471
48.8540055 2.3473609
48.8711544 2.3340643
48.851454700000005 2.3267882
48.8718968 2.380744
48.86907050000001 2.2974077
48.830284600000006 2.341301
48.873099200000006 2.2837127
48.8597729 2.3907606
48.856571 2.2861598
48.8442938 2.2553618
48.851708 2.3358575000000004
48.850707 2.3785100000000003
48.874195 2.2897121
48.8933411 2.3470931
48.857983700000005 2.3814903000000003
48.86203080000001 2.4012320000000003
48.850382700000004 2.3990342
48.8342119 2.3855403
48.8658008 2.2959824
48.859591800000004 2.2647671000000003
48.8718031 2.2935687000000002
48.859518 2.3540808
48.8252916 2.3626607
48.837623300000004 2.3223905
48.831445800000004 2.3807413
48.875665500000004 2.3196156
48.867839200000006 2.3139027000000003
48.826154 2.3289633000000003
48.843639700000004 2.3550554000000004
48.8527818 2.2721875000000002
48.8507517 2.3092615000000003
48.885136 2.3507694000000003
48.8627109 2.3373083
48.86911610000001 2.3914180000000003
48.8726965 2.3634482
48.834663400000004 2.3460028
48.875848700000006 2.3403448
48.873831900000006 2.3505085
48.8992263 2.3401210000000003
48.8857762 2.3709717
48.8621415 2.3425922000000003
48.87802000000001 2.2969885000000003
48.826483100000004 2.3418208000000003
48.8516829 2.4150478
48.854333000000004 2.3448889
48.8533824 2.266513
48.8732485 2.3268162
48.842028600000006 2.3296672000000003
48.8474026 2.2788557000000003
48.870741800000005 2.3781659
48.887028300000004 2.3396701
48.8651649 2.3752660000000003
48.858720600000005 2.3483300000000003
48.8610282 2.3513707
48.866234500000004 2.3211790000000003
48.872953100000004 2.3430825
48.858956500000005 2.3515893
48.8574083 2.3181129
48.871571900000006 2.3376723
48.8370407 2.3902722
48.8857669 2.2908378000000003
48.8270119 2.3420461
48.8624858 2.3633319
48.8278119 2.3325335000000003
48.8891567 2.332244
48.8572478 2.3617603000000003
48.8875649 2.3803109
48.851900500000006 2.3137813
48.867584900000004 2.3852939
48.831008000000004 2.3047325
48.8612625 2.3561164000000003
48.836195800000006 2.4003697
48.863911800000004 2.3381497
48.8460619 2.2813267
48.8650676 2.2865158
48.846858100000006 2.2924003
48.8649642 2.3710458
48.8403001 2.3509055
48.832970100000004 2.3281989000000003
48.836153200000005 2.2783436000000004
48.8765803 2.3079439
48.8737055 2.3065132
48.829556200000006 2.3283637
48.831264700000006 2.3052695
48.851374 2.2738542
48.8662864 2.3341769
48.8740278 2.3472723
48.8637254 2.3663711000000003
48.8426818 2.3277199
48.8243549 2.3543989
48.888718700000005 2.3318141000000003
48.897110000000005 2.3588906
48.8522875 2.3387161
48.8256504 2.3472069
48.8537137 2.2773926
48.8723826 2.3329042
48.851887700000006 2.3345589
48.877974900000005 2.2878739
48.875561600000005 2.3818593000000003
48.8953477 2.3204864
48.8362543 2.2565192
48.8650408 2.31556
48.868587600000005 2.292914
48.869578100000005 2.3799829000000003
48.8559592 2.3080216
48.877983300000004 2.2848390000000003
48.8693406 2.2791956
48.8311239 2.3811411000000002
48.831125300000004 2.3171402000000003
48.8675608 2.3964085
48.8830958 2.3714453
48.857631100000006 2.2627946000000003
48.842525300000005 2.3851833
48.8497974 2.3991260000000003
48.8995602 2.3922294
48.8549876 2.3053465
48.8329127 2.3834846
48.84752700000001 2.3814284000000003
48.8652 2.3030531
48.877814300000004 2.2804712
48.8356811 2.3753646
48.8762905 2.3796482
48.853521300000004 2.3511151000000003
48.849770500000005 2.2524163
48.886107100000004 2.3243267000000003
48.845567900000006 2.2946357
48.853247 2.290228
48.8569169 2.2919144
48.8962553 2.3222264000000004
48.8554192 2.3459653
48.883802100000004 2.3470155000000004
48.8446392 2.3778657
48.851638400000006 2.3926532000000003
48.8341067 2.3308988
48.886275100000006 2.2946449
48.871402200000006 2.4088682
48.8711983 2.3831146000000003
48.8692518 2.3489812000000003
48.863863 2.2724130000000002
48.8963606 2.3841022
48.8687618 2.3110097
48.875008 2.3574993
48.847566500000006 2.3227914000000003
48.818424900000004 2.3699035
48.825801600000005 2.371827
48.829765300000005 2.3570651000000002
48.853041600000005 2.2618851
48.883648300000004 2.2856086
48.8433779 2.3140460000000003
48.8420902 2.376398
48.833214500000004 2.3269641
48.880188000000004 2.285118
48.880079300000006 2.3983526
48.826773300000006 2.3543884
48.878066000000004 2.2985455000000004
48.8471424 2.274423
48.8385594 2.3931852
48.841041800000006 2.3361005
48.878054500000005 2.3226225
48.8351826 2.2729052000000003
48.846262 2.3241997000000003
48.859938400000004 2.3101795000000003
48.8318583 2.3201686
48.8659095 2.2976999
48.8774224 2.3468889
48.881580400000004 2.3541151
48.8306303 2.3459375000000002
48.840976500000004 2.3511665
48.829226500000004 2.3607177000000004
48.8396519 2.3785401
48.8749392 2.3010452000000003
48.826238100000005 2.3855401
48.8722256 2.3069809
48.834720100000006 2.3669865000000003
48.8538214 2.3633031
48.850535900000004 2.2602667000000003
48.854073 2.3095556
48.820688100000005 2.3494315
48.8497993 2.3384073
48.8445577 2.3724989
48.8547086 2.2792164
48.8975403 2.3264197
48.8370298 2.3166163
48.866938600000005 2.374534
48.863852400000006 2.2905659000000003
48.8410893 2.2550578000000003
48.833401200000004 2.3097989
48.8443197 2.4083869
48.8358518 2.3587392
48.832716000000005 2.3009614000000003
48.8459245 2.3823914
48.8369518 2.3128170000000003
48.895951100000005 2.3791571
48.820974 2.3549834
48.8659607 2.2691869000000002
48.858192300000006 2.3146284
48.8616754 2.3021153
48.8579085 2.2879189
48.845908300000005 2.313521
48.8938052 2.3350869000000003
48.8656025 2.3841762
48.872243000000005 2.3715306000000003
48.8748227 2.304637
48.878838900000005 2.2783249000000003
48.8554874 2.3050964
48.8455293 2.3559851000000003
48.863101400000005 2.3667344000000003
48.8603408 2.3008832000000004
48.8441581 2.3789196
48.859154200000006 2.3497501
48.828276300000006 2.3474296000000003
48.860759900000005 2.3754071000000003
48.875007800000006 2.3406353
48.858562500000005 2.3680143
48.845338700000006 2.3282890000000003
48.847454000000006 2.3162688
48.8690318 2.3394522
48.8763683 2.3931026
48.8777215 2.3315215
48.833310000000004 2.3051224
48.862216000000004 2.3800557
48.8806699 2.2851901000000003
48.832742700000004 2.3621528
48.8726892 2.3992588
48.895794 2.3309904
48.8412675 2.3434679000000003
48.864513 2.3065338
48.8726811 2.2845697
48.8274734 2.3348331
48.8588603 2.3192048
48.872689300000005 2.3431385000000002
48.8366199 2.3258412
48.8603387 2.3645620000000003
48.8933091 2.3428231
48.860800000000005 2.3180037000000002
48.886543 2.3396273
48.8689121 2.4048506
48.87845 2.3418712
48.8538319 2.3938981000000004
48.853702500000004 2.2876685
48.865330500000006 2.3654061
48.816141200000004 2.343995
48.82384750000001 2.3176191
48.8565204 2.3494889000000003
48.8221214 2.3501671
48.8489426 2.3093115
48.856029400000004 2.3532899
48.8561367 2.3272202
48.8898322 2.3800678
48.8388867 2.2975985000000003
48.84942950000001 2.3961362
48.849576500000005 2.3489045
48.8398369 2.2983399
48.8466801 2.2888607000000003
48.854249 2.3356735
48.8680042 2.4033498
48.8244193 2.3258287
48.8845278 2.3769367000000003
48.862460000000006 2.3503986
48.885708400000006 2.3474122
48.898138700000004 2.338355
48.888485900000006 2.3355041
48.8920808 2.3462443
48.8589384 2.4058751000000003
48.836274700000004 2.2570944
48.8845478 2.3215339
48.8450283 2.2976957000000002
48.848349600000006 2.3760104
48.899243000000006 2.3407615
48.8824872 2.3145335
48.8931284 2.3634238
48.8283252 2.3020409
48.884416 2.2868032
48.856212500000005 2.3828559
48.849327 2.370804
48.8741203 2.3423516
48.8514696 2.3104928
48.8614174 2.3204130000000003
48.8332076 2.3193413
48.8794696 2.3858045000000003
48.8215786 2.3724786
48.8437094 2.2984207000000003
48.851395700000005 2.3066616
48.8750696 2.2903565
48.8670776 2.3577465
48.8900244 2.3041473000000003
48.8623855 2.3096385
48.887288100000006 2.3179042
48.852652600000006 2.2985736
48.879640300000005 2.3270201
48.828057 2.3032829
48.9004599 2.33468
48.8833141 2.2989228
48.892397 2.3450005000000003
48.893980000000006 2.3836621
48.829905000000004 2.312882
48.8806202 2.3249174000000004
48.893497 2.3373404
48.846518 2.4001536000000003
48.8827986 2.3893688
48.850506200000005 2.2999853000000003
48.8710967 2.2973841
48.8811547 2.393689
48.868990000000004 2.2915693000000004
48.8578016 2.2916655
48.8244205 2.3763856000000003
48.857709 2.3279733
48.8359539 2.3729053
48.8953308 2.362188
48.8384944 2.2552461
48.884869900000005 2.3674155000000003
48.833640200000005 2.3985065000000003
48.846524 2.4095939
48.84422 2.3330197000000004
48.8837508 2.3435677000000004
48.849591100000005 2.3448714
48.8415206 2.3873737
48.871859 2.3769603000000004
48.863057600000005 2.2921428
48.8771946 2.3230409
48.8431669 2.2601894000000002
48.8750075 2.3469989
48.882176300000005 2.3336351
48.850432500000004 2.3985547
48.8618791 2.3795901
48.84792160000001 2.3963555000000003
48.8411294 2.3214493000000003
48.8323844 2.364868
48.8391291 2.3000665000000002
48.8599887 2.3217202
48.845438900000005 2.4039473
48.840251300000006 2.3806718
48.845330600000004 2.2978178000000002
48.8537869 2.3334114
48.853839400000005 2.4146415
48.8828571 2.3051239000000003
48.825391 2.3874062
48.8794399 2.3142755
48.8349543 2.3449903
48.8501667 2.3177280000000002
48.868529800000005 2.3992063000000003
48.8730794 2.2970525
48.8354094 2.3978772
48.880852600000004 2.4040697
48.840590000000006 2.3529479
48.8610157 2.2670097
48.8502713 2.3299153
48.869083 2.3730593
48.895820500000006 2.3458054
48.8547768 2.3624006
48.8529939 2.3930417
48.8291599 2.3084548000000003
48.8713825 2.3750774000000003
48.840293 2.3630395
48.8542916 2.3500389
48.899467900000005 2.3443899000000004
48.881978700000005 2.3222187
48.879878500000004 2.3291229
48.856027600000004 2.4037886
48.8484004 2.2665915
48.851362400000006 2.2728611
48.8639445 2.3755101
48.871582000000004 2.2934112
48.8648776 2.3748282
48.878236300000005 2.3543147
48.881826700000005 2.2939003000000002
48.878962800000004 2.3782994
48.874327 2.3745286
48.8505964 2.3575181
48.8335121 2.3821039
48.8473574 2.2977635000000003
48.8665334 2.351132
48.8341165 2.3333309
48.874035400000004 2.3448957000000004
48.8830174 2.3616353
48.8564464 2.2982104000000003
48.8530364 2.3036033000000002
48.8270179 2.3664849
48.8489 2.4133377
48.897726500000005 2.3341347000000003
48.855707900000006 2.3602075
48.8277196 2.3494597
48.837184400000005 2.3001202000000003
48.8574357 2.3796886
48.859144300000004 2.3794671000000003
48.850145000000005 2.3483419000000003
48.8871708 2.3495686
48.8294447 2.3688264
48.87276790000001 2.397056
48.872615700000004 2.3403505
48.840392 2.315108
48.825684100000004 2.3480128000000002
48.868017300000005 2.3363406
48.8534464 2.2709221
48.89056840000001 2.3266129
48.8774953 2.3937977000000004
48.8516777 2.2899183
48.8323489 2.3224737
48.8536755 2.3384015000000002
48.8839769 2.2908925
48.8807108 2.3090708
48.840656200000005 2.3539769
48.860970300000005 2.3882022000000003
48.856782100000004 2.3035578
48.8369353 2.2786733000000003
48.836612300000006 2.2564795
48.878974400000004 2.3557592
48.87214 2.2841954
48.827578100000004 2.362426
48.884804200000005 2.3337289
48.8677736 2.3454221
48.8638813 2.3810995000000004
48.895876300000005 2.3835058
48.8232123 2.3447688
48.8518667 2.2937289
48.8397069 2.3212532
48.840273100000005 2.2951605
48.8687911 2.3218477
48.882428100000006 2.3118341
48.882564800000004 2.3419024
48.8767987 2.3998106000000003
48.840609 2.3149640000000002
48.885512500000004 2.3358278
48.858792300000005 2.2846302
48.8226347 2.3643408000000004
48.869011 2.3466418
48.860479000000005 2.3617206
48.8697219 2.3037264
48.8216151 2.3564424
48.846143500000004 2.2780438000000003
48.8979584 2.3525648
48.8157828 2.3606446
48.847957300000004 2.253237
48.8796441 2.3565338000000002
48.851393200000004 2.2930116000000003
48.8808512 2.3407368
48.870228000000004 2.282802
48.8581196 2.3111525
48.863871700000004 2.3358942000000003
48.8689027 2.3521841
48.829101900000005 2.2932811
48.873894400000005 2.3592605
48.8307178 2.3336068
48.8648248 2.3533187
48.8527831 2.4066132000000002
48.897548300000004 2.3244407000000002
48.878467400000005 2.3374773
48.82616 2.3599262000000003
48.8558456 2.2647378000000002
48.846462800000005 2.3060861000000004
48.88907570000001 2.3237154
48.863165300000006 2.3429326
48.843687700000004 2.3527378000000003
48.882066800000004 2.319637
48.872640000000004 2.3576571
48.845306300000004 2.3882574
48.8442567 2.2775918
48.8777739 2.351224
48.847863100000005 2.2579527
48.8683507 2.2909163
48.8506967 2.2969631
48.853518300000005 2.3665216
48.8789798 2.2927457
48.8866847 2.2904937000000003
48.8431128 2.3166385000000003
48.893832700000004 2.3387854000000003
48.875404 2.3675548
48.882168 2.3396406
48.9013028 2.3350536
48.846589 2.2709895
48.8503715 2.2732955
48.8226068 2.3626966
48.8407987 2.2885491
48.8271047 2.3250866
48.8583482 2.3024877000000004
48.835535500000006 2.3560919
48.83741920000001 2.2582432000000003
48.831359600000006 2.3215897
48.879566800000006 2.3265882
48.8520878 2.3426308000000002
48.867898000000004 2.3483837000000003
48.8397154 2.3961052
48.8442626 2.3780647000000004
48.842184200000005 2.3463262
48.8955223 2.3650602000000003
48.876479700000004 2.3558851
48.8854818 2.3954742
48.833703 2.33361
48.8590369 2.2934518
48.851826 2.3337214
48.8475781 2.3088191
48.876401300000005 2.2904432000000003
48.900379900000004 2.3702776
48.8329627 2.3900841
48.838951300000005 2.3881211
48.883517000000005 2.3769401
48.832668000000005 2.3998486000000003
48.8473325 2.3830609000000003
48.8943194 2.3816975
48.8213194 2.3337982
48.874163200000005 2.3257949
48.8627632 2.3466278000000003
48.8367519 2.298082
48.888566600000004 2.3545903000000004
48.854751500000006 2.3975052000000003
48.8821388 2.2861182
48.8202529 2.3257055
48.853192400000005 2.3325901
48.8526589 2.2861982000000003
48.884763500000005 2.3593257000000003
48.8297095 2.3494318
48.834481600000004 2.332687
48.8461751 2.4109987
48.896441100000004 2.3348318000000003
48.8319362 2.3346312
48.8621629 2.3369827
48.834119300000005 2.4109249000000004
48.8893531 2.3790543
48.8302338 2.3234514
48.853035600000005 2.4106002
48.8625358 2.3990213000000002
48.8541923 2.3900806
48.864999100000006 2.3680449
48.887593100000004 2.3415223000000003
48.8846545 2.3796536
48.874676400000006 2.3811139000000003
48.8705687 2.3131624
48.834768200000006 2.31686
48.8662433 2.4034034
48.8704879 2.3893933
48.827925300000004 2.3666335000000003
48.8986821 2.3248312
48.8478027 2.2965615
48.8470938 2.4112574
48.8581033 2.3820198
48.8779258 2.3965114
48.845120200000004 2.2830738
48.859502600000006 2.3401141
48.8527573 2.3466382
48.8857822 2.3877699000000003
48.894392200000006 2.3133974
48.837214700000004 2.3551311000000004
48.8643519 2.4043305000000004
48.896236300000005 2.3594613
48.863920300000004 2.2904799000000002
48.8393359 2.2542027
48.8411332 2.3362692000000003
48.826774 2.39237
48.866331300000006 2.2970357000000003
48.839580600000005 2.3013087000000003
48.8721619 2.3049477
48.883520600000004 2.3449928
48.8388154 2.3243125
48.8777878 2.4056029000000003
48.849428800000005 2.4050739
48.8741786 2.3374948
48.8555049 2.3339395
48.90048710000001 2.3703439
48.847820600000006 2.2574895
48.8593835 2.3828233
48.851523300000004 2.3787828
48.848934 2.3960581000000003
48.8364423 2.2566372
48.8314809 2.3713995000000003
48.848694900000005 2.3473656000000003
48.8468965 2.2720086
48.868921900000004 2.3804947000000003
48.881197900000004 2.3361267000000003
48.828849500000004 2.3293796
48.8487256 2.2750451000000003
48.825568800000006 2.319029
48.8466856 2.3281221000000003
48.8624178 2.4034676000000004
48.8766705 2.3997514
48.8653854 2.3738779
48.841801800000006 2.3222992000000002
48.880133900000004 2.3756634
48.876821 2.3216374
48.835680800000006 2.3112781
48.851563000000006 2.2788596
48.8770517 2.3028875
48.849057800000004 2.2876362
48.843246300000004 2.3204892000000004
48.834791700000004 2.2989679
48.876566000000004 2.3465757000000003
48.898920700000005 2.3824847
48.894113700000005 2.3273376000000003
48.886292700000006 2.3091519000000003
48.866644400000006 2.2755755
48.8646996 2.3483810000000003
48.853954900000005 2.3360724
48.8505503 2.3793973
48.8838057 2.3136474000000002
48.8815168 2.380865
48.829958600000005 2.3035517000000003
48.855400700000004 2.3698425000000003
48.826793 2.3394729
48.8699474 2.3486238
48.8794879 2.3218553
48.8848805 2.3154671000000002
48.8670605 2.3495088
48.8370855 2.3106522000000003
48.841277500000004 2.3179658
48.8849627 2.3404725
48.867296700000004 2.3345973
48.8504738 2.3905772
48.854314900000006 2.4130481
48.8645987 2.413738
48.8277985 2.3052127000000002
48.887762900000006 2.2959199000000003
48.8559883 2.4067607
48.853840100000006 2.3067954
48.84831500000001 2.397513
48.8415344 2.3307428000000003
48.8608832 2.2913733
48.879967300000004 2.3547686000000003
48.8641945 2.3881437
48.8733646 2.3909235
48.864743100000005 2.3018917
48.886771100000004 2.3564437000000003
48.8303528 2.3545509
48.85173330000001 2.3100460000000003
48.8474792 2.3112669
48.8850768 2.3035019
48.8884169 2.338006
48.873901800000006 2.3952280000000004
48.8667863 2.3695523
48.8711154 2.2967877000000003
48.826190600000004 2.3572647
48.8780452 2.3050188
48.8864777 2.3943332
48.8558255 2.2852277
48.8966056 2.3437547000000003
48.877159600000006 2.3635085
48.867993600000005 2.4016868000000002
48.8821822 2.2945165000000003
48.825051900000005 2.3466507
48.8523968 2.3264535
48.844506800000005 2.3492459
48.899537900000006 2.3483291
48.861510800000005 2.2705710000000003
48.8375314 2.2695952
48.881258 2.3189939
48.8827256 2.3698269
48.899499000000006 2.3874307000000003
48.871702400000004 2.3697807
48.875294200000006 2.2936791000000003
48.852599600000005 2.2860886000000002
48.8642212 2.2747553000000003
48.8543083 2.3959136
48.86830560000001 2.2910578
48.868858800000005 2.3102895
48.8513565 2.3622841
48.8644411 2.2729866000000003
48.864572100000004 2.3041969
48.8522684 2.3300292000000002
48.837621600000006 2.3201915
48.8244398 2.3235715000000003
48.861158800000005 2.3022378000000003
48.835427 2.3229903000000003
48.8745387 2.3573114
48.8437295 2.2594633
48.8828468 2.3927759
48.858644600000005 2.3198423000000004
48.8413114 2.3872251
48.884409000000005 2.3294502
48.8491354 2.2981217000000003
48.8397639 2.2978188
48.8769196 2.2853877000000002
48.8619738 2.3780574000000003
48.8819807 2.3421272
48.8188776 2.3595373
48.871350500000005 2.3722929
48.84695 2.3099783
48.864018200000004 2.3810836
48.8716371 2.3833532
48.8649879 2.405161
48.8241072 2.3445478
48.885358100000005 2.2972315
48.856688500000004 2.3820479000000003
48.8581597 2.3644811000000003
48.8584035 2.3899936
48.8287093 2.3242826
48.8642721 2.3530472000000002
48.833048100000006 2.3701131
48.8601353 2.3645557
48.8695467 2.3134974
48.843446300000004 2.2827580000000003
48.878292300000005 2.2941130000000003
48.839363000000006 2.3957467
48.8369069 2.3185026
48.8558305 2.3684783
48.860989000000004 2.3012149
48.8306679 2.3558928000000003
48.862999800000004 2.3874545
48.886290200000005 2.3556016
48.84552720000001 2.2671718000000003
48.824445600000004 2.3489829
48.8386726 2.3895719
48.851266900000006 2.27596
48.8355751 2.2683386000000003
48.8398485 2.3795759000000003
48.871489000000004 2.2848685
48.8715874 2.2969791
48.8789838 2.3980974
48.840553 2.3788178
48.855072 2.3502512
48.858684200000006 2.3521345
48.8475248 2.4062281000000003
48.872199800000004 2.2846943
48.8738058 2.3206132
48.850647200000004 2.2840223
48.824205000000006 2.3852784000000002
48.8347859 2.2689743
48.852198900000005 2.3659997
48.8495568 2.2812575
48.8881522 2.390721
48.8584459 2.3584628000000003
48.8761079 2.3602775
48.8381465 2.2877115000000003
48.8796509 2.3677943000000004
48.8558463 2.3531895
48.8798353 2.3546986000000003
48.834138300000006 2.2953119
48.8764015 2.3622937